X	Y
1	1117981.250
2	1105613.000
3	1102422.375
4	1078370.500
5	1088517.000
6	1065717.500
7	1079736.000
8	1072043.875
9	1050150.250
10	1075991.250
11	1111233.875
12	1074085.375
13	1074563.500
14	1087922.500
15	1089698.000
16	1052925.750
17	1079652.750
18	1056716.375
19	1038329.062
20	1049770.500
21	1043274.938
22	1061326.125
23	1032423.625
24	1047356.250
25	1016598.688
26	1051060.750
27	998383.375
28	1063577.125
29	1051158.000
30	1016083.812
31	1042735.250
32	1078886.250
33	1035555.438
34	998287.438
35	1015243.500
36	990946.750
37	1029714.500
38	1017458.000
39	979456.562
40	981168.188
41	1038557.125
42	1030125.062
43	1004827.938
44	995815.125
45	1011365.250
46	1011701.188
47	1057153.250
48	995307.750
49	977517.000
50	1008229.875
51	1005110.875
52	980509.125
53	1015061.562
54	981244.875
55	998104.688
56	984896.812
57	976297.312
58	966566.250
59	1010021.438
60	975471.250
61	982274.812
62	965922.562
63	970499.562
64	984892.500
65	963014.375
66	962355.312
67	944377.375
68	957854.438
69	991408.688
70	974785.125
71	982382.938
72	972993.062
73	986271.688
74	968363.562
75	971437.188
76	968384.938
77	980205.438
78	979013.438
79	955075.688
80	992575.500
81	1016367.312
82	984181.125
83	994267.812
84	976187.375
85	957208.750
86	977714.562
87	987549.438
88	973478.875
89	961330.250
90	970952.062
91	949432.312
92	953031.000
93	956236.500
94	971675.875
95	962949.250
96	962458.938
97	968845.500
98	964952.438
99	967043.438
100	989084.250
101	967749.812
102	977590.250
103	955554.062
104	958333.562
105	955576.500
106	960669.062
107	972014.062
108	959721.688
109	983766.625
110	942148.812
111	956929.750
112	966251.000
113	955605.188
114	964042.938
115	967491.750
116	976049.312
117	963019.312
118	977228.125
119	959328.688
120	981107.000
121	973634.312
122	968003.125
123	969217.438
124	966489.438
125	955379.312
126	931088.938
127	960823.750
128	976751.500
129	954854.812
130	949739.375
131	964179.188
132	952878.188
133	949474.562
134	957789.812
135	959169.125
136	951576.188
137	970163.562
138	942544.938
139	939283.688
140	952410.062
141	940243.750
142	942688.250
143	953318.750
144	968948.375
145	967300.750
146	944657.750
147	955313.438
148	955940.188
149	970664.875
150	955203.875
151	953134.625
152	963545.938
153	970432.250
154	956428.062
155	966941.250
156	956766.062
157	956051.062
158	962659.312
159	960287.688
160	962899.875
161	967831.250
162	937475.688
163	946143.562
164	950206.125
165	958394.875
166	937356.188
167	958444.750
168	942043.438
169	934079.250
170	949742.625
171	945556.312
172	946438.625
173	930798.812
174	952561.812
175	957255.562
176	945230.438
177	959011.812
178	965586.500
179	962348.312
180	961365.625
181	973935.312
182	966286.500
183	969999.750
184	969987.125
185	965405.375
186	936901.625
187	962732.500
188	942861.250
189	931176.125
190	947120.250
191	973055.938
192	972884.438
193	947323.062
194	959490.875
195	970566.312
196	946129.688
197	937411.312
198	944590.438
199	968115.438
200	952937.750
201	950109.688
202	968133.250
203	962606.812
204	965231.188
205	944150.438
206	969605.875
207	937707.375
208	933513.000
209	943797.062
210	949792.875
211	958451.125
212	968323.562
213	993037.375
214	986770.375
215	1013938.938
216	968700.188
217	973976.688
218	965664.688
219	976709.562
220	954884.812
221	962134.250
222	961805.688
223	955934.562
224	933240.688
225	966487.188
226	985438.438
227	975825.312
228	981017.375
229	961276.125
230	985968.000
231	962847.938
232	965608.562
233	954277.938
234	953247.562
235	970798.688
236	949688.875
237	964490.750
238	966285.688
239	947019.375
240	938052.500
241	954458.500
242	953260.875
243	947062.000
244	939786.375
245	953040.312
246	936525.375
247	950771.250
248	944952.812
249	956278.250
250	935155.188
251	943898.562
252	945853.812
253	969006.688
254	959439.188
255	961303.438
256	961559.500
257	962614.062
258	954142.375
259	957170.125
260	937469.188
261	957937.312
262	951790.188
263	952071.938
264	950543.438
265	961206.562
266	948886.062
267	961495.688
268	945289.875
269	963225.812
270	935497.875
271	946013.375
272	937765.500
273	941662.438
274	938082.812
275	950833.062
276	937224.625
277	926071.125
278	949205.312
279	941269.938
280	941226.375
281	930361.062
282	959245.500
283	923609.500
284	925320.125
285	900934.562
286	937979.250
287	920675.062
288	915390.000
289	946247.750
290	943116.500
291	936499.438
292	923796.375
293	931689.562
294	932921.500
295	941508.875
296	951744.750
297	941604.812
298	934084.125
299	939807.750
300	939735.625
301	936530.875
302	929320.875
303	941193.250
304	936662.438
305	941811.438
306	919328.500
307	922996.000
308	934355.500
309	928520.875
310	912133.812
311	942667.500
312	935988.625
313	935632.875
314	946521.375
315	942443.625
316	941243.688
317	931025.688
318	927970.938
319	927340.188
320	925756.125
321	908005.188
322	911519.812
323	921050.750
324	919013.188
325	930186.125
326	904669.812
327	923503.375
328	918526.250
329	906092.188
330	926435.250
331	906645.125
332	915378.188
333	899953.000
334	931257.312
335	921305.625
336	936174.688
337	926773.438
338	927933.312
339	913301.875
340	921184.438
341	914559.000
342	911747.625
343	908853.938
344	920484.750
345	920908.000
346	924956.875
347	915747.000
348	902855.875
349	909703.625
350	911296.000
351	909230.062
352	912481.375
353	918206.875
354	912925.438
355	914450.125
356	922821.125
357	919194.500
358	903209.688
359	898263.750
360	909627.500
361	897571.312
362	923189.312
363	917460.312
364	933936.438
365	921867.125
366	916307.375
367	888629.312
368	928822.000
369	915314.562
370	898468.938
371	918274.000
372	988502.562
373	1025292.000
374	1047556.125
375	1062749.125
376	1074358.750
377	1070604.000
378	1064561.375
379	1067369.000
380	1059860.625
381	1068418.125
382	1037284.812
383	1026909.375
384	1049520.500
385	1041479.875
386	1040306.125
387	1047962.312
388	1037207.188
389	1036087.625
390	1014588.438
391	1038107.500
392	1020337.500
393	1019348.312
394	1050127.375
395	1025188.688
396	1027337.250
397	1027405.438
398	1003474.000
399	1009593.938
400	1006461.562
401	1005988.812
402	1001636.750
403	998709.438
404	991438.375
405	985705.062
406	991918.000
407	985869.812
408	979479.188
409	975887.375
410	976295.438
411	986433.438
412	968951.312
413	987978.062
414	987116.312
415	953162.438
416	970411.000
417	956377.375
418	970372.250
419	980009.750
420	968907.750
421	975520.750
422	970738.688
423	959424.250
424	945599.750
425	966297.312
426	957754.062
427	962497.688
428	959715.625
429	977564.625
430	972205.188
431	980260.188
432	961178.438
433	966477.688
434	960337.750
435	973037.688
436	969997.812
437	974088.625
438	971489.438
439	962433.875
440	976706.562
441	961310.875
442	963674.938
443	960604.062
444	959203.750
445	962462.438
446	953439.312
447	938407.688
448	944090.688
449	964485.500
450	950763.062
451	952150.188
452	936121.688
453	939259.562
454	935724.125
455	946207.750
456	944939.125
457	951378.875
458	942778.875
459	936974.688
460	945051.438
461	957651.250
462	951356.500
463	927702.250
464	951905.875
465	940593.250
466	926190.125
467	934990.375
468	930636.375
469	951132.375
470	929891.562
471	948507.062
472	941961.000
473	950369.500
474	935161.875
475	948472.062
476	948098.000
477	955624.312
478	944901.188
479	932615.375
480	968147.000
481	936618.250
482	963980.562
483	935857.062
484	918930.062
485	918520.625
486	930595.812
487	933946.500
488	934024.250
489	921651.312
490	934795.062
491	926420.500
492	926558.500
493	940952.438
494	923252.375
495	926506.250
496	922933.375
497	927989.438
498	929441.312
499	924338.500
500	933041.188
501	918366.188
502	908408.812
503	923296.125
504	918584.812
505	924059.250
506	912384.375
507	920951.062
508	923797.250
509	930098.688
510	932721.125
511	942357.250
512	922424.250
513	920864.438
514	913047.875
515	910865.312
516	927813.062
517	913088.688
518	924622.312
519	934934.250
520	923859.688
521	921437.562
522	920479.312
523	923960.000
524	916427.625
525	930237.562
526	918891.312
527	942008.375
528	931019.062
529	935566.938
530	933042.688
531	911857.562
532	911723.938
533	923060.312
534	931425.438
535	909514.750
536	931454.500
537	901806.375
538	914154.938
539	927160.188
540	899768.188
541	907322.375
542	922069.250
543	936392.375
544	925370.312
545	952243.562
546	932015.312
547	926149.250
548	938380.188
549	931887.125
550	920027.438
551	907504.562
552	905862.375
553	908335.062
554	891387.938
555	906788.688
556	896612.938
557	901309.500
558	906825.000
559	918741.938
560	914548.875
561	899227.875
562	905421.312
563	906501.375
564	926194.875
565	921558.000
566	885568.438
567	897979.000
568	898708.750
569	910138.688
570	928271.938
571	917612.688
572	916350.250
573	898273.438
574	912856.500
575	905557.875
576	916953.812
577	892613.250
578	911227.438
579	914065.500
580	901331.875
581	885343.625
582	920144.250
583	895519.938
584	887437.812
585	892366.000
586	894062.562
587	917261.062
588	899966.312
589	912217.188
590	890108.875
591	899698.062
592	907768.562
593	923503.062
594	930417.688
595	922634.750
596	913527.000
597	920017.688
598	900896.062
599	908073.062
600	916036.375
601	905603.812
602	894231.000
603	889791.938
604	896442.312
605	909210.500
606	907238.875
607	905553.438
608	896920.812
609	902235.438
610	891673.750
611	893669.875
612	896257.312
613	878767.000
614	881970.125
615	873056.625
616	890437.688
617	877363.188
618	893919.625
619	906284.062
620	914980.500
621	911043.312
622	904689.000
623	887898.625
624	906975.812
625	911730.250
626	910636.375
627	901590.500
628	893747.188
629	911179.062
630	900421.188
631	892354.375
632	912245.438
633	891272.125
634	889814.375
635	901157.750
636	906787.938
637	899066.438
638	897829.812
639	907408.125
640	917047.438
641	894466.312
642	898147.062
643	900648.438
644	894538.938
645	914102.750
646	898322.250
647	898345.500
648	909005.625
649	888624.000
650	884651.562
651	888564.875
652	902251.312
653	891720.375
654	892928.125
655	877504.750
656	881699.500
657	907919.812
658	896998.688
659	911103.188
660	883830.875
661	874130.438
662	872621.438
663	876760.000
664	891300.625
665	884768.750
666	881370.000
667	882904.062
668	876287.438
669	897542.125
670	904647.438
671	880942.375
672	880994.062
673	885523.000
674	860501.250
675	883728.312
676	865023.188
677	882192.250
678	892889.750
679	878505.062
680	874930.688
681	882546.375
682	882461.438
683	874558.438
684	882359.188
685	880090.375
686	896842.562
687	883519.000
688	892481.500
689	889888.562
690	870754.938
691	867877.125
692	872256.188
693	875907.688
694	872876.375
695	914215.000
696	1022051.688
697	1003453.500
698	999042.500
699	979876.688
700	990079.750
701	954683.062
702	949552.688
703	950770.812
704	948739.000
705	958394.812
706	932818.000
707	925081.938
708	940208.875
709	916211.125
710	916705.625
711	929618.938
712	923016.000
713	917852.938
714	929317.500
715	922961.875
716	927516.688
717	921983.125
718	913057.688
719	943184.938
720	931674.062
721	927454.500
722	933627.500
723	928205.938
724	925405.000
725	924386.688
726	922054.625
727	924400.000
728	919274.375
729	925530.250
730	935540.625
731	932229.375
732	958214.938
733	928540.750
734	930645.375
735	940919.688
736	941709.500
737	933766.875
738	937500.000
739	949572.250
740	957954.750
741	957398.000
742	945203.562
743	943995.438
744	933783.312
745	943111.500
746	930726.812
747	936479.750
748	942979.812
749	963682.312
750	939581.438
751	924533.625
752	939999.688
753	938254.250
754	945366.875
755	941363.750
756	951414.250
757	950971.375
758	944179.812
759	944133.312
760	921739.375
761	938419.125
762	943503.562
763	950326.000
764	984254.500
765	955347.688
766	971810.750
767	965487.938
768	973033.688
769	929489.000
770	930670.750
771	935897.250
772	943823.562
773	936827.938
774	941258.750
775	926355.562
776	932851.875
777	937776.438
778	968398.562
779	930263.562
780	935450.812
781	942494.312
782	935454.812
783	941525.250
784	951213.000
785	948326.750
786	944626.250
787	941475.375
788	931115.688
789	923469.438
790	941682.375
791	931130.312
792	947559.125
793	932252.062
794	942358.875
795	934291.562
796	925875.750
797	937408.500
798	932697.375
799	933671.000
800	925972.562
801	941027.375
802	941531.438
803	934359.625
804	930760.875
805	946183.125
806	943930.500
807	929232.438
808	925525.938
809	938446.375
810	935565.375
811	928628.625
812	938103.438
813	916459.062
814	906269.500
815	919487.188
816	916098.188
817	944830.562
818	928720.812
819	907364.875
820	909170.688
821	922509.812
822	940354.875
823	926381.438
824	941196.000
825	932973.875
826	917655.438
827	914226.500
828	921909.062
829	915403.625
830	927978.688
831	936593.125
832	928907.188
833	917411.562
834	926581.250
835	939362.312
836	935978.438
837	929067.250
838	939576.750
839	940300.750
840	925989.938
841	927212.062
842	916524.875
843	903373.062
844	889906.688
845	896440.062
846	895333.000
847	885035.438
848	900482.438
849	912709.062
850	913949.438
851	920663.625
852	899497.250
853	911475.062
854	912561.812
855	925247.750
856	929759.938
857	928272.750
858	933795.562
859	935472.688
860	919280.188
861	908931.000
862	915534.812
863	896720.688
864	900670.938
865	891823.500
866	906102.688
867	917800.438
868	897463.750
869	900606.062
870	914919.812
871	891563.062
872	897795.812
873	914802.625
874	904577.312
875	919577.812
876	916532.562
877	889731.500
878	905182.938
879	903893.562
880	909350.125
881	908262.875
882	912251.562
883	884832.688
884	898988.188
885	894732.250
886	908984.375
887	871779.812
888	882752.500
889	887496.000
890	865701.375
891	881160.688
892	896162.938
893	902039.688
894	892669.125
895	901612.812
896	903237.062
897	899570.875
898	903400.562
899	895875.562
900	907480.438
901	906581.062
902	897867.875
903	881617.250
904	903133.438
905	895698.750
906	888134.375
907	911480.312
908	904154.938
909	891233.938
910	894462.875
911	889751.312
912	908112.188
913	891031.625
914	900254.000
915	895676.375
916	903414.250
917	893291.375
918	884089.875
919	884172.062
920	884791.250
921	887948.875
922	899348.312
923	904295.688
924	895933.750
925	874047.125
926	880218.000
927	885566.625
928	880061.250
929	907005.938
930	889077.688
931	907531.312
932	895840.062
933	904291.688
934	878749.188
935	888517.750
936	886831.062
937	870969.875
938	871113.062
939	885961.375
940	875344.375
941	893307.812
942	887678.188
943	869144.812
944	899501.000
945	890531.750
946	890463.625
947	906817.000
948	886617.750
949	915650.938
950	892670.938
951	894162.500
952	897085.625
953	898752.688
954	915734.188
955	896577.875
956	873470.750
957	880867.562
958	884700.250
959	866281.750
960	836994.562
961	873450.062
962	878033.875
963	868080.000
964	870162.938
965	872612.000
966	884868.688
967	851770.875
968	862409.812
969	871291.625
970	855144.312
971	872661.188
972	858225.812
973	866411.312
974	856727.562
975	852348.938
976	841062.000
977	864746.875
978	846390.375
979	846160.250
980	881033.062
981	858920.750
982	857880.125
983	858188.000
984	862228.625
985	847606.812
986	867389.125
987	887719.875
988	876775.750
989	874572.938
990	881766.625
991	862879.625
992	878888.875
993	883936.938
994	877379.688
995	858423.000
996	851341.125
997	850479.250
998	862790.688
999	864587.625
1000	874530.250
1001	848944.312
1002	870459.625
1003	872902.938
1004	876234.688
1005	856072.250
1006	858414.062
1007	868568.812
1008	867717.562
1009	873256.062
1010	881063.250
1011	881993.375
1012	875480.875
1013	891514.000
1014	898479.125
1015	887048.125
1016	886350.812
1017	862349.438
1018	876710.500
1019	887860.562
1020	891629.688
1021	878583.062
1022	891776.500
1023	881863.062
1024	888179.000
1025	896073.688
1026	887071.625
1027	902081.688
1028	883759.250
1029	889661.062
1030	894275.875
1031	899954.125
1032	906096.875
1033	901291.750
1034	896095.875
1035	890862.812
1036	881989.750
1037	879703.562
1038	882663.562
1039	872017.062
1040	861572.250
1041	872429.938
1042	890635.188
1043	878016.000
1044	876488.562
1045	864498.875
1046	866615.188
1047	876816.500
1048	862440.312
1049	863880.688
1050	875405.562
1051	866333.125
1052	855283.438
1053	845469.375
1054	862075.625
1055	852578.750
1056	852674.250
1057	865022.750
1058	864438.250
1059	865495.875
1060	865476.250
1061	852202.438
1062	876309.062
1063	859747.250
1064	853851.750
1065	835116.438
1066	838004.875
1067	851593.875
1068	851679.625
1069	851427.500
1070	853838.250
1071	852768.312
1072	827961.125
1073	840494.750
1074	826840.875
1075	822066.562
1076	818650.062
1077	828573.188
1078	815136.688
1079	826538.438
1080	827549.250
1081	820502.500
1082	847511.062
1083	822663.688
1084	811718.312
1085	804039.125
1086	824219.125
1087	828409.062
1088	830639.438
1089	843242.938
1090	813967.875
1091	815055.062
1092	819873.250
1093	813186.250
1094	814850.000
1095	818778.812
1096	832175.750
1097	827203.750
1098	829525.188
1099	826475.125
1100	840266.688
1101	834562.688
1102	830939.562
1103	820368.250
1104	845186.938
1105	834796.875
1106	828499.375
1107	830110.188
1108	829712.438
1109	820757.125
1110	827879.312
1111	824067.500
1112	816891.000
1113	819180.125
1114	822060.000
1115	826073.375
1116	814480.062
1117	823714.188
1118	811544.250
1119	805205.188
1120	823814.438
1121	821169.938
1122	810122.000
1123	809440.188
1124	821081.000
1125	816410.062
1126	815375.500
1127	820592.812
1128	821014.250
1129	798200.812
1130	811052.688
1131	794123.375
1132	809574.625
1133	812482.750
1134	815328.500
1135	815959.500
1136	816547.500
1137	802197.750
1138	819774.938
1139	809799.125
1140	814619.688
1141	822063.688
1142	813855.500
1143	812397.062
1144	803235.500
1145	789450.062
1146	804122.688
1147	807058.875
1148	795684.625
1149	812569.562
1150	794791.375
1151	801684.500
1152	799191.188
1153	787453.938
1154	795005.000
1155	796675.062
1156	804074.812
1157	800880.312
1158	796561.938
1159	777999.375
1160	799823.062
1161	806030.438
1162	810591.562
1163	810696.000
1164	813507.312
1165	811649.000
1166	813423.000
1167	803849.562
1168	790558.438
1169	802605.812
1170	816953.875
1171	812500.688
1172	824249.688
1173	806976.125
1174	796005.938
1175	799127.500
1176	798263.688
1177	800333.688
1178	794423.062
1179	807960.375
1180	802571.875
1181	792717.250
1182	799537.438
1183	809472.438
1184	787569.312
1185	798714.312
1186	800613.688
1187	788557.188
1188	798137.562
1189	789720.812
1190	781320.000
1191	798066.062
1192	789666.688
1193	780371.250
1194	807730.125
1195	785668.750
1196	787643.062
1197	787361.250
1198	809120.688
1199	790124.375
1200	797666.812
1201	774328.438
1202	800677.125
1203	794465.188
1204	780181.562
1205	785807.375
1206	783973.625
1207	797101.312
1208	795604.500
1209	764500.938
1210	769637.562
1211	783630.250
1212	787835.562
1213	778802.875
1214	784145.000
1215	799367.812
1216	796488.188
1217	800427.188
1218	783611.438
1219	771034.375
1220	772530.625
1221	792190.938
1222	795318.438
1223	797079.500
1224	787916.688
1225	787392.375
1226	799220.375
1227	794625.312
1228	777916.688
1229	800069.375
1230	806325.062
1231	796710.562
1232	792838.125
1233	781268.500
1234	791329.562
1235	794812.250
1236	795358.250
1237	793532.000
1238	792707.375
1239	810880.375
1240	788115.750
1241	786565.562
1242	794446.875
1243	784261.188
1244	788243.938
1245	774067.000
1246	785755.562
1247	780118.625
1248	786016.625
1249	795451.500
1250	774191.438
1251	775268.188
1252	771650.000
1253	789165.188
1254	789490.938
1255	785725.312
1256	781655.562
1257	789525.438
1258	779233.500
1259	783873.688
1260	791339.312
1261	803440.938
1262	782964.750
1263	789970.062
1264	789592.250
1265	783469.250
1266	784594.312
1267	796157.688
1268	765213.688
1269	788952.062
1270	777407.312
1271	772688.438
1272	780670.438
1273	782296.938
1274	769818.375
1275	783336.438
1276	770330.375
1277	782371.500
1278	781160.938
1279	758483.812
1280	778691.812
1281	764047.438
1282	780909.500
1283	761015.125
1284	760750.500
1285	764637.375
1286	768506.625
1287	762861.438
1288	751668.188
1289	765649.875
1290	777485.125
1291	767074.875
1292	771126.562
1293	768128.250
1294	768464.250
1295	757813.750
1296	765984.250
1297	782027.250
1298	774716.062
1299	762650.938
1300	761865.312
1301	770742.000
1302	785481.812
1303	776778.625
1304	765378.562
1305	753435.312
1306	766828.562
1307	775098.250
1308	765523.938
1309	757871.688
1310	771742.562
1311	778331.188
1312	758467.812
1313	764985.250
1314	753864.062
1315	747037.750
1316	758604.125
1317	770576.688
1318	744242.438
1319	767806.375
1320	758167.000
1321	770766.875
1322	766888.375
1323	762169.938
1324	758592.000
1325	755833.500
1326	746800.438
1327	763254.000
1328	763620.750
1329	753275.562
1330	771774.125
1331	760436.250
1332	755640.438
1333	767830.562
1334	763051.062
1335	757965.188
1336	770722.750
1337	762075.688
1338	754856.562
1339	756624.688
1340	755534.562
1341	762785.312
1342	760168.938
1343	760268.000
1344	769596.938
1345	766815.375
1346	763807.562
1347	753797.375
1348	759094.312
1349	760722.375
1350	765045.312
1351	751625.625
1352	755428.750
1353	765009.750
1354	761701.688
1355	753249.812
1356	739039.750
1357	749053.938
1358	739275.500
1359	747517.000
1360	756762.312
1361	775877.875
1362	764179.750
1363	761810.750
1364	736904.812
1365	760409.688
1366	748659.562
1367	759233.812
1368	751337.188
1369	755374.438
1370	731375.750
1371	733167.375
1372	748692.938
1373	736904.938
1374	750045.750
1375	746893.875
1376	743316.625
1377	746859.625
1378	733820.062
1379	763554.375
1380	753520.750
1381	751839.625
1382	758948.250
1383	748080.875
1384	757989.188
1385	759197.188
1386	752331.000
1387	749800.125
1388	760796.312
1389	764173.312
1390	766184.250
1391	738472.312
1392	751468.000
1393	749124.625
1394	739468.688
1395	747793.375
1396	758951.375
1397	770275.000
1398	769861.250
1399	749280.125
1400	703789.625
